   0 2040 1010  440  340 2100 1070 2520  170  300  880  640  770 1790  820  480
2040    0 1400 2460 1890  990 1250  940 2220 1770 1700 1600 1630  540 1310 1590
1010 1400    0 1330  650 1800  150 2220 1110  910  290  500  240 1480  710  730
 440 2460 1330    0  670 2470 1510 2960  270  730 1220 1040 1110 2220 1250  870 
 340 1890  650  670    0 1920  770 2410  430  370  570  360  420 1670  720  360 
2100  990 1800 2470 1920    0 1780  610 2200 1720 2180 1720 2000  460 1230 1610 
1070 1250  150 1510  770 1780    0 2070 1230  900  440  560  390 1420  660  730
2520  940 2220 2960 2410  610 2070    0 2690 2210 2490 2140 2350  730 1710 2030 
 170 2220 1110  270  430 2200 1230 2690    0  470  940  750  850 1920 1000  660
 300 1770  910  730  370 1720  900 2210  470    0  930  450  710 1500  540  190 
 880 1700  290 1220  570 2180  440 2490  940  930    0  480  210 1710  910  730
 640 1600  500 1040  360 1720  560 2140  750  450  480    0  270 1410  470  250 
 770 1630  240 1110  420 2000  390 2350  850  710  210  270    0 1620  740  520
1790  540 1480 2220 1670  460 1420  730 1920 1500 1710 1410 1620    0  980 1330
 820 1310  710 1250  720 1230  660 1710 1000  540  910  470  740  980    0  350
 480 1590  730  870  360 1610  730 2030  660  190  730  250  520 1330  350    0
